12901
12878
12903
12883
12896
12890
12890
12891
12894
12885
12900
12888
12910
12898
12904
12907
12898
12909
12900
12904
12894
12887
12890
12892
12900
12907
12904
12916
12916
12922
12936
12926
12929
12941
12937
12945
12953
12948
12964
12959
12957
12967
12947
12972
12957
12960
12960
12961
12976
12977
12976
12990
12987
12992
13004
12995
13011
13009
13014
13022
13032
13026
13039
13041
13040
13056
13042
13064
13054
13054
13066
13062
13073
13066
13072
13069
13059
13060
13043
13126
13110
13112
13174
13184
13168
13174
13158
13163
13148
13226
13213
13210
13197
13281
13268
13269
13256
13269
13253
13259
13239
13248
13230
13230
13231
13230
13231
13231
13230
13234
13234
13225
13226
13222
13226
13224
13225
13203
13209
13201
13219
13219
13221
13226
13226
13228
13230
13224
13235
13220
13227
13226
13241
13229
13234
13239
13225
13245
13228
13235
13239
13239
13249
13244
13233
13257
13238
13246
13251
13252
13252
13252
13250
13254
13249
13255
13254
13256
13243
13234
13214
13236
13221
13227
13237
13220
13238
13228
13230
13230
13208
13226
13222
13218
13224
13222
13231
13241
13240
13178
13173
13188
13116
13110
13126
13121
13136
13137
13133
13071
13087
13085
13103
13041
13035
13051
13055
13044
13065
13060
13076
13078
13078
13097
13083
13089
13099
13081
13103
13084
13090
13100
13080
13081
13070
13068
13084
13083
13099
13095
13159
13162
13137
13149
13148
13134
13156
13136
13148
13147
13125
13135
13115
13131
13126
13120
13135
13121
13114
13132
13112
13117
13116
13101
13126
13102
13117
13119
13104
13114
13116
13109
13122
13105
13117
13114
13093
13101
13102
13122
13124
13122
13134
13122
13125
13130
13120
13129
13126
13141
13153
13138
13149
13148
13141
13152
13138
13148
13147
13141
13153
13139
13149
13146
13132
13135
13135
13128
13149
13132
13121
13143
13128
13108
13131
13112
13117
13127
13107
13129
13111
13119
13124
13105
13129
13106
13118
13116
13108
13124
13110
13124
13118
13140
13138
13143
13142
13141
13141
13143
13071
13084
13085
13088
13081
13089
13084
13086
13068
13089
13086
13100
13106
13090
13090
13074
13077
13084
13085
13086
13085
13070
13081
13080
13072
13086
13068
13145
13148
13141
13139
13135
13127
13147
13122
13145
13142
13151
13159
13146
13149
13131
13111
13120
13101
13117
13109
13102
13119
13109
13098
13097
13085
13090
13095
13092
13100
13081
13081
13063
13060
13062
13063
13067
13059
13073
13053
13079
13059
13067
13076
13055
13071
13068
13062
13077
13059
13071
13068
13062
13077
13059
13073
13069
13064
13077
13062
13083
13071
13071
13074
13059
13071
13063
13078
13073
13060
13086
13063
13077
13079
13065
13090
13067
13081
13084
13067
13091
13090
13080
13086
13063
13079
13073
13090
13098
13094
13095
13093
13070
13082
13083
13068
13077
13078
13077
13077
13015
13006
13005
13016
13009
13029
13019
13022
13021
13021
13023
13022
13017
13034
13050
13050
13067
13062
13061
13073
13066
13074
13066
13083
13095
13083
13080
13069
13060
13051
13057
13060
13061
13056
13054
13036
13043
13044
13042
13060
13045
13052
13048
13039
13063
13039
13048
13042
13038
13048
13031
13052
13034
13041
13048
13110
13115
13101
13095
13095
13081
13085
13092
13081
13093
13089
13083
13068
13056
13069
13051
13073
13054
13060
13061
13038
13055
13039
13023
13030
13007
13003
12996
12995
13000
12977
12988
12977
12993
12987
12981
13001
12999
13072
13073
13074
13086
13079
13071
13091
13076
13078
13065
13054
13073
13051
13055
13071
13048
13057
13057
13052
13045
13027
13016
13025
13023
13021
13023
13022
13019
13000
13023
13015
13005
13022
13020
13034
13118
13121
13113
13111
13112
13108
13129
13124
13132
13144
13131
13136
13126
13139
13139
13137
13134
13132
13143
13139
13132
13144
13134
13133
13143
13122
13137
13058
13062
13077
13071
13087
13081
13082
13064
13067
13069
13061
13052
13069
13079
13068
13084
13062
13080
13072
13070
13087
13074
13073
13096
13092
13095
13097
13090
13099
13120
13120
13123
13129
13105
13125
13122
13111
13136
13050
13064
13068
13048
13061
13062
13042
13041
13050
13057
13077
13054
13071
13077
13057
13066
13062
13061
13056
13067
13085
13079
13071
13056
13062
13046
13059
13057
13062
13044
13035
13046
13026
13046
13032
12951
12969
12965
12987
12991
12999
12995
12992
12998
12986
12999
12990
12993
12995
12984
12980
12976
12977
12979
12976
12986
12967
12968
12947
12942
12966
12940
12954
12953
12940
12963
12948
12962
12961
12956
12978
12956
12970
12976
12956
12967
12979
12954
12978
12964
12955
12974
12955
12973
12984
12972
12989
12983
12996
13013
13000
12998
13006
12996
13004
13001
12978
12984
12978
12978
12979
12976
12979
12977
12952
12971
12971
12976
12987
12975
12977
12982
12970
12972
12971
12986
12990
12968
12970
12965
12954
12959
12957
12969
12977
12970
12947
12966
12968
12966
12989
12975
12996
12995
12983
13002
12990
13001
12998
12992
13007
12998
13017
13007
13006
13016
13007
13012
12992
13016
13012
12995
13004
12980
12993
12993
12995
13021
13021
13034
13025
13028
13031
13027
13034
13035
13026
13025
13034
13036
13037
13035
13025
13021
13021
13018
13005
13028
13002
13021
13025
13013
13099
13085
13093
13094
13075
13101
13085
13078
13094
13088
13079
13098
13076
13100
13113
13101
13125
13102
13113
13122
13118
13127
13148
13123
13145
13134
13127
13144
13121
13138
13140
13135
13144
13119
13135
13139
13143
13160
13148
13166
13185
13164
13176
13190
13194
13193
13181
13194
13175
13174
13175
13167
13172
13171
13179
13167
13172
13175
13163
13170
13150
13161
13169
13156
13150
13165
13159
13136
13151
13152
13146
13147
13132
13135
13129
13129
13129
13119
13127
13124
13120
13127
13118
13119
13119
13104
13108
13105
13105
13107
13122
13124
13123
13124
13132
13110
13136
13138
13133
13139
13069
13059
13065
13055
13068
13047
13045
13054
13052
13038
13061
13037
13055
13045
13033
13055
13036
13041
13051
13026
13035
13036
13021
13045
13019
13028
13013
13006
13014
13011
12999
13006
13005
13016
12996
13014
13012
13004
13021
13087
13074
13073
13052
13060
13056
13056
13062
13053
13070
13070
13071
13069
13071
13071
13063
13078
13071
13066
13077
13067
13077
13074
13066
13061
13082
13059
13083
13090
13083
13103
13099
13122
13121
13124
13132
13109
13132
13135
13133
13145
13127
13141
13148
13134
13142
13137
13119
13122
13103
13110
13102
13112
13122
13101
13115
13117
13106
13087
13085
13086
13085
13086
13085
13084
13086
13094
13101
13105
13090
13108
13092
13099
13098
13098
13097
13078
13071
13068
13051
13050
13051
13049
13049
13046
13045
13052
13064
13058
13054
13054
13053
13046
13055
13046
13046
13023
13029
13030
13016
12953
12951
12957
12960
12937
12958
12944
12940
12955
12931
12952
12939
13017
13018
13001
12988
12999
12992
13000
13000
12991
12986
12982
12978
12996
12976
12989
12983
12974
12968
12954
12959
12939
12956
12935
12950
12953
12930
12943
12923
12926
12938
12914
12926
12917
12916
12938
12943
12939
12949
12954
12944
12953
12943
12962
12950
12947
12955
12957
12961
12968
12951
12970
12955
12957
12964
12949
12966
12950
12951
12952
12949
12952
12953
12945
12954
12961
12963
12968
12960
12985
12970
12969
12983
12961
12965
12955
12948
12969
12965
12962
12979
12962
12957
12974
12971
12993
12986
12986
12998
12976
12995
12991
12999
13018
12997
13007
13013
12994
13020
13011
13021
12946
12947
12964
12970
12960
12956
12948
12946
12955
12954
12947
12968
12943
12959
12959
12947
12970
12967
12981
12988
12986
12971
12982
12963
13044
13048
13036
13048
13052
13048
13059
13043
13040
13058
13042
13045
13068
13054
13055
13071
13048
13073
13065
13072
13084
13066
13080
13076
13072
13087
13065
13064
13084
13066
13073
13074
13066
13078
13078
13070
13082
13074
13075
13086
13074
13090
13094
13097
13099
13105
13103
13105
13105
13124
13124
13123
13123
13124
13117
13124
13124
13122
13124
13123
13120
13128
13115
13126
13211
13198
13209
13215
13209
13221
13203
13217
13214
13207
13207
13193
13202
13192
13171
13185
13170
13166
13180
13162
13177
13174
13183
13173
13179
13183
13177
13182
13168
13175
13159
13157
13167
13176
13176
13174
13104
13100
13090
13094
13076
13088
13078
13075
13096
13070
13088
13084
13075
13092
13088
13077
13162
13147
13141
13135
13120
13121
13184
13190
13175
13162
13186
13187
13163
13183
13190
13175
13200
13191
13172
13184
13164
13178
13172
13168
13186
13172
13161
13166
13142
13154
13147
13123
13127
13116
13107
13106
13106
13105
13113
13103
13106
13122
13100
13120
13108
13105
13122
13108
13028
13021
13009
13003
13006
12996
13019
12995
13009
13005
13001
12998
12987
12993
12996
12982
13070
13070
13070
13065
13064
13072
13060
13069
13063
13042
13045
13042
13043
13039
13036
13037
13028
13039
13042
13053
13059
13072
13081
13067
13074
13048
13064
13071
13056
13062
13054
13047
13045
13032
13024
13025
12946
12962
12958
12959
12977
12973
12910
12914
12915
12936
12911
12923
12929
12911
12919
12910
12889
12890
12898
12887
12898
12886
12895
12963
12952
12956
12963
12976
12974
12972
12975
12983
13003
13005
13009
13010
12985
12986
12973
12961
12973
12965
12966
12971
12973
12980
12974
12963
12980
12979
12991
12989
12975
12997
12986
12993
13000
12986
12996
13001
12995
13004
13000
13019
12944
12954
12954
12960
12958
12948
12944
12937
12947
12967
12958
12968
12970
12975
12980
12975
12971
12960
12963
12948
12949
12949
12948
12964
12967
12992
12978
12977
12988
12983
12991
12991
12998
13003
13003
13019
13010
13004
13013
12997
13004
13008
13072
13066
13076
13054
13079
13058
13067
13075
13057
13080
13075
13090
13088
13092
13100
13086
13098
13018
13020
13031
13020
13013
13028
13006
13027
13020
13000
13000
12999
13016
13028
13044
13051
13050
13060
13042
13059
13046
13034
13044
13051
13051
13044
13053
13042
13032
13037
13026
13027
13035
13013
13038
13032
13037
13049
13034
13054
13032
13031
13035
13021
13021
13000
13016
13027
13013
13027
13003
13021
13014
12999
13015
13010
13015
13033
13018
13025
13029
13016
13021
13009
13013
13006
12994
13008
12994
12999
13007
12988
13011
12990
12999
13004
12986
12995
12998
12984
13009
12999
13003
12935
12929
12937
12936
12927
12940
12923
12933
12931
12924
12940
12930
12944
12941
12933
12950
12928
12925
12928
12911
12919
12903
12909
12920
12901
12923
12917
12908
12911
12896
12904
12884
12875
12879
12862
12871
12850
12860
12872
12855
12852
12869
12866
12872
12880
12883
12901
12887
12891
12885
12889
12887
12872
12880
12872
12880
12877
12874
12883
12871
12886
12895
12905
12914
12903
12916
12898
12897
12899
12898
12908
12907
12903
12909
12904
12907
12907
12903
12913
12898
12906
12891
12886
12877
12873
12885
12872
12873
12879
12880
12894
12876
12890
12883
12879
12880
12883
12876
12870
12859
12861
12880
12855
12878
12864
12868
12873
12848
12864
12860
12844
12857
12838
12845
12833
12830
12837
12855
12856
12865
12875
12875
12859
12856
12851
12834
12841
12847
12864
12869
12865
12882
12877
12881
12897
12894
12901
12898
12898
12909
12894
12890
12882
12877
12868
12884
12859
12882
12867
12865
12880
12856
12862
12844
12847
12855
12834
12859
12837
12850
12850
12836
12829
12818
12820
12827
12819
12843
12832
12826
12842
12832
12836
12829
12819
12840
12814
12838
12824
12817
12836
12825
12848
12847
12841
12839
12829
12836
12837
12817
12828
12823
12823
12837
12839
12836
12846
12852
12851
12859
12857
12850
12874
12856
12860
12864
12856
12860
12849
12844
12853
12832
12831
12839
12835
12827
12825
12816
12818
12806
12813
12818
12825
12820
12821
12814
12822
12830
12817
12808
12803
12788
12812
12800
12781
12783
12776
12782
12772
12762
12763
12748
12747
12745
12755
12736
12739
12732
12741
12741
12728
12736
12730
12744
12745
12738
12743
12720
12737
12728
12727
12746
12757
12754
12753
12744
12747
12747
12737
12737
12725
12725
12724
12735
12739
12722
12742
12717
12731
12740
